889 320 968 320 968 391.99999999999994 889 391.99999999999994 TYPE_C 0
857 257 957 257 957 341 857 341 USB270 0
835 192 946 192 946 285 835 285 USB270 0
99 591 220 591 220 695 99 695 HDMI90 0
51 471 219 471 219 616 51 616 VGA90 0
38.99999999999999 383 203 383 203 504.99999999999994 38.99999999999999 504.99999999999994 RJ45 0
33 341 165 341 165 431 33 431 USB90 0
758 577 814 577 814 626 758 626 CE-MEDIUM0 0
808 538 853 538 853 583 808 583 CE-MEDIUM0 0
841 535 876 535 876 574 841 574 CE-MEDIUM0 0
807 521 849 521 849 562 807 562 CE-MEDIUM0 0
746 485.00000000000006 791 485.00000000000006 791 526 746 526 CE-MEDIUM0 0
830 426 880 426 880 471 830 471 CE-MEDIUM0 0
862 369.99999999999994 914 369.99999999999994 914 417.00000000000006 862 417.00000000000006 CE-MEDIUM0 0
699 431 747 431 747 475 699 475 CE-MEDIUM0 0
680 287 727 287 727 328 680 328 CE-MEDIUM0 0
249.00000000000003 361 305 361 305 413.99999999999994 249.00000000000003 413.99999999999994 CE-MEDIUM0 0
308 395.00000000000006 360 395.00000000000006 360 442 308 442 CE-MEDIUM0 0
335 381 394 381 394 441.00000000000006 335 441.00000000000006 CE-MEDIUM0 0
243 602 290.00000000000006 602 290.00000000000006 647 243 647 CE-MEDIUM0 0
330 563 379 563 379 606 330 606 CE-MEDIUM0 0
324 536 372 536 372 581 324 581 CE-MEDIUM0 0
318 517 363.00000000000006 517 363.00000000000006 558 318 558 CE-MEDIUM0 0
309 491 362 491 362 536 309 536 CE-MEDIUM0 0
305 471 354 471 354 512 305 512 CE-MEDIUM0 0
645 154 699 154 699 207.99999999999997 645 207.99999999999997 CE-MEDIUM270 0
316 674 369 674 369 718 316 718 CE-MEDIUM270 0
373 673 419 673 419 716 373 716 CE-MEDIUM270 0
422 611 471 611 471 658 422 658 CE-MEDIUM270 0
446 602 495 602 495 653 446 653 CE-MEDIUM270 0
466 597 513 597 513 644 466 644 CE-MEDIUM270 0
567 475 618 475 618 518 567 518 CE-MEDIUM270 0
782 630 799 630 799 646 782 646 FID-CROSS 0
48 172 65 172 65 190 48 190 FID-CROSS 0