140 463.00000000000006 213 463.00000000000006 213 528 140 528 TYPE_C 0
128 396.00000000000006 224 396.00000000000006 224 473 128 473 USB270 0
117 331 222 331 222 413.99999999999994 117 413.99999999999994 USB270 0
967 597 1074 597 1074 667 967 667 MIC90 0
944 447 1050 447 1050 529 944 529 HDMI90 0
906 322 1063 322 1063 451 906 451 VGA90 0
885 238 1039 238 1039 338 885 338 RJ45 0
897 184 1027 184 1027 267 897 267 USB90 0
370 649 425.00000000000006 649 425.00000000000006 697 370 697 CE-MEDIUM0 0
322 633 360 633 360 671 322 671 CE-MEDIUM0 0
296 636 329 636 329 674 296 674 CE-MEDIUM0 0
318 614 355 614 355 650 318 650 CE-MEDIUM0 0
358 558 402 558 402 598 358 598 CE-MEDIUM0 0
255 535 301.00000000000006 535 301.00000000000006 575 255 575 CE-MEDIUM0 0
204 495 251 495 251 536 204 536 CE-MEDIUM0 0
381 492 425.00000000000006 492 425.00000000000006 532 381 532 CE-MEDIUM0 0
346 349 393 349 393 390 346 390 CE-MEDIUM0 0
771 269 820 269 820 314 771 314 CE-MEDIUM0 0
727 318 779 318 779 364 727 364 CE-MEDIUM0 0
696 318 747.9999999999999 318 747.9999999999999 372.00000000000006 696 372.00000000000006 CE-MEDIUM0 0
868 487 914 487 914 530 868 530 CE-MEDIUM0 0
772 485.00000000000006 816 485.00000000000006 816 520 772 520 CE-MEDIUM0 0
769 457 812 457 812 496 769 496 CE-MEDIUM0 0
771 436.99999999999994 811 436.99999999999994 811 472 771 472 CE-MEDIUM0 0
762 412 810 412 810 449 762 449 CE-MEDIUM0 0
758.9999999999999 387 808 387 808 426 758.9999999999999 426 CE-MEDIUM0 0
329 215 378 215 378 264 329 264 CE-MEDIUM270 0
821 584 870 584 870 622 821 622 CE-MEDIUM270 0
775 602 815 602 815 639 775 639 CE-MEDIUM270 0
703 561 750 561 750 605 703 605 CE-MEDIUM270 0
679 561 724 561 724 608 679 608 CE-MEDIUM270 0
660 564 702 564 702 607 660 607 CE-MEDIUM270 0
515 486.00000000000006 564 486.00000000000006 564 526 515 526 CE-MEDIUM270 0
399 703 413 703 413 716 399 716 FID-CROSS 0
920 12 935 12 935 28 920 28 FID-CROSS 0