925 329 1057 329 1057 450 925 450 VGA90 0
886 244 1038 244 1038 345 886 345 RJ45 0
911 195.99999999999997 1004 195.99999999999997 1004 264 911 264 USB90 0
931 449 1036 449 1036 533 931 533 HDMI90 0
967 602 1056 602 1056 670 967 670 MIC90 0
126 394.00000000000006 225 394.00000000000006 225 469 126 469 USB270 0
115 332 217 332 217 412 115 412 USB270 0
376 656 415 656 415 694 376 694 CE-MEDIUM0 0
320 633 357 633 357 670 320 670 CE-MEDIUM0 0
294 637 327 637 327 675 294 675 CE-MEDIUM0 0
317 613 354 613 354 646 317 646 CE-MEDIUM0 0
358 558 394 558 394 595 358 595 CE-MEDIUM0 0
255 537 298 537 298 573 255 573 CE-MEDIUM0 0
201 491 247 491 247 531 201 531 CE-MEDIUM0 0
382 495 419 495 419 527 382 527 CE-MEDIUM0 0
350 352 390 352 390 390 350 390 CE-MEDIUM0 0
766 485.00000000000006 812 485.00000000000006 812 530 766 530 CE-MEDIUM0 0
765 460.99999999999994 807 460.99999999999994 807 498 765 498 CE-MEDIUM0 0
762 437.99999999999994 810 437.99999999999994 810 480.99999999999994 762 480.99999999999994 CE-MEDIUM0 0
766 415.99999999999994 807 415.99999999999994 807 452 766 452 CE-MEDIUM0 0
758 387 809 387 809 432 758 432 CE-MEDIUM0 0
727 317 769.9999999999999 317 769.9999999999999 365 727 365 CE-MEDIUM0 0
706 323 742 323 742 367 706 367 CE-MEDIUM0 0
772 274 815 274 815 314 772 314 CE-MEDIUM0 0
869 495 911 495 911 531 869 531 CE-MEDIUM0 0
818 585 861.0000000000001 585 861.0000000000001 625 818 625 CE-MEDIUM270 0
769 602 816 602 816 645 769 645 CE-MEDIUM270 0
701 566 743 566 743 604 701 604 CE-MEDIUM270 0
680 561 717 561 717 610 680 610 CE-MEDIUM270 0
655 566 695 566 695 610 655 610 CE-MEDIUM270 0
516 487 561 487 561 524 516 524 CE-MEDIUM270 0
331 218.99999999999997 376 218.99999999999997 376 262 331 262 CE-MEDIUM270 0
137 462.00000000000006 204 462.00000000000006 204 527 137 527 TYPE_C 0
395 703 410 703 410 715 395 715 FID-CROSS 0
922 17 936 17 936 32 922 32 FID-CROSS 0