781 287 909 287 909 390.99999999999994 781 390.99999999999994 RJ45 0
790 243.00000000000003 881 243.00000000000003 881 311 790 311 USB90 0
780 187.00000000000003 853 187.00000000000003 853 254.00000000000003 780 254.00000000000003 HDMI90 0
767 125.99999999999999 837 125.99999999999999 837 199 767 199 HDMI90 0
725 14 857 14 857 136 725 136 VGA90 0
659 272 692 272 692 303 659 303 CE-SMALL270 0
735 0 816 0 816 40 735 40 MIC90 0
639 254.00000000000003 678 254.00000000000003 678 292 639 292 CE-SMALL270 0
638 227 671 227 671 258 638 258 CE-SMALL0 0
630 206.99999999999997 670 206.99999999999997 670 238 630 238 CE-SMALL0 0
623.9999999999999 189 664 189 664 221 623.9999999999999 221 CE-SMALL0 0
618 169 660 169 660 203 618 203 CE-SMALL0 0
481 129 514 129 514 166 481 166 CE-SMALL270 0
508 127.00000000000001 534 127.00000000000001 534 161 508 161 CE-SMALL270 0
523 120 554 120 554 155 523 155 CE-SMALL270 0
543 114 574 114 574 150 543 150 CE-SMALL270 0
563 108.99999999999999 595 108.99999999999999 595 146 563 146 CE-SMALL270 0
280 290 314 290 314 321 280 321 CE-SMALL0 0
255 275 288 275 288 309 255 309 CE-SMALL0 0
276 271 309 271 309 304 276 304 CE-SMALL0 0
104 323 142 323 142 358 104 358 CE-SMALL0 0
316 513 358 513 358 551 316 551 CE-SMALL270 0
311.99999999999994 491 352 491 352 525 311.99999999999994 525 CE-SMALL270 0
136 175 179 175 179 216 136 216 CE-SMALL0 0
191 141 228 141 228 179 191 179 CE-SMALL0 0
216 137 253 137 253 173 216 173 CE-SMALL0 0
205 97 245 97 245 133 205 133 CE-SMALL270 0
396 250 433 250 433 286 396 286 CE-SMALL270 0
702 258 742 258 742 299 702 299 CE-MEDIUM0 0
662 103.99999999999999 711 103.99999999999999 711 151 662 151 CE-MEDIUM0 0
584 103 626 103 626 147 584 147 CE-MEDIUM0 0
441 46 487 46 487 94 441 94 CE-MEDIUM270 0
548 23 597 23 597 71 548 71 CE-MEDIUM270 0
225 210 274 210 274 255 225 255 CE-MEDIUM0 0
178 188 223 188 223 232.00000000000003 178 232.00000000000003 CE-MEDIUM0 0
150 194 195 194 195 238 150 238 CE-MEDIUM0 0
64 160 84 160 84 181 64 181 FID-CROSS 0
874 528 886 528 886 539 874 539 FID-CROSS 0
89 447 178 447 178 519 89 519 USB270 0
74 388 169 388 169 464.00000000000006 74 464.00000000000006 USB270 0
65 350 127 350 127 397 65 397 USB270 0