858 496 927 496 927 559 858 559 TYPE_C 0
846 422 946 422 946 512 846 512 USB270 0
857 361 961 361 961 449 857 449 USB270 0
0 545 93 545 93 628 0 628 MIC90 0
24 398 134 398 134 496 24 496 HDMI90 0
14 276 168 276 168 415.99999999999994 14 415.99999999999994 VGA90 0
45 190 207 190 207 313 45 313 RJ45 0
77 151 189 151 189 231.00000000000003 77 231.00000000000003 USB90 0
633 665 676 665 676 706 633 706 CE-MEDIUM0 0
692 648 734 648 734 689 692 689 CE-MEDIUM0 0
716 652 768 652 768 700 716 700 CE-MEDIUM0 0
695 624 740 624 740 669 695 669 CE-MEDIUM0 0
659 567 710 567 710 616 659 616 CE-MEDIUM0 0
640 497 684 497 684 544 640 544 CE-MEDIUM0 0
758.9999999999999 556 807 556 807 603 758.9999999999999 603 CE-MEDIUM0 0
812 520 862 520 862 563 812 563 CE-MEDIUM0 0
688 359 734 359 734 410 688 410 CE-MEDIUM0 0
271 249 314 249 314 291 271 291 CE-MEDIUM0 0
311 292 361 292 361 348 311 348 CE-MEDIUM0 0
331 302 388 302 388 353 331 353 CE-MEDIUM0 0
151 452 205 452 205 503.99999999999994 151 503.99999999999994 CE-MEDIUM0 0
248 458.99999999999994 302 458.99999999999994 302 502 248 502 CE-MEDIUM0 0
252 432 304 432 304 481.99999999999994 252 481.99999999999994 CE-MEDIUM0 0
255 412 311 412 311 454 255 454 CE-MEDIUM0 0
264 386 317 386 317 434 264 434 CE-MEDIUM0 0
271 363 324 363 324 409 271 409 CE-MEDIUM0 0
705 226 769 226 769 287 705 287 CE-MEDIUM270 0
194 551 244 551 244 600 194 600 CE-MEDIUM270 0
236 572 289 572 289 622 236 622 CE-MEDIUM270 0
306 536 362 536 362 595 306 595 CE-MEDIUM270 0
334 546 387 546 387 601 334 601 CE-MEDIUM270 0
353 544 413 544 413 603 353 603 CE-MEDIUM270 0
498.00000000000006 477 556 477 556 534 498.00000000000006 534 CE-MEDIUM270 0
634 711 651 711 651 720 634 720 FID-CROSS 0