116 312 186.99999999999997 312 186.99999999999997 377 116 377 TYPE_C 0
123 358 220 358 220 445 123 445 USB270 0
135 423 233 423 233 503 135 503 USB270 0
880 55.00000000000001 982 55.00000000000001 982 145 880 145 HDMI90 0
876 122 1042 122 1042 274 876 274 VGA90 0
886 240.99999999999997 1043 240.99999999999997 1043 357 886 357 RJ45 0
923 313 1040 313 1040 401 923 401 USB90 0
289 87 328 87 328 124 289 124 CE-MEDIUM0 0
240 124 281 124 281 164 240 164 CE-MEDIUM0 0
206 125.99999999999999 256 125.99999999999999 256 171 206 171 CE-MEDIUM0 0
245 145 287 145 287 188 245 188 CE-MEDIUM0 0
293 180 342 180 342 227 293 227 CE-MEDIUM0 0
345 238 386 238 386 282 345 282 CE-MEDIUM0 0
207 229.99999999999997 254 229.99999999999997 254 276 207 276 CE-MEDIUM0 0
172 288 221 288 221 331 172 331 CE-MEDIUM0 0
349 379 398 379 398 431 349 431 CE-MEDIUM0 0
781 324 825 324 825 368 781 368 CE-MEDIUM0 0
721 291 767 291 767 343 721 343 CE-MEDIUM0 0
691 295 747 295 747 344 691 344 CE-MEDIUM0 0
800 83 856 83 856 137 800 137 CE-MEDIUM0 0
710 125 764 125 764 168 710 168 CE-MEDIUM0 0
719 145 768 145 768 192 719 192 CE-MEDIUM0 0
721 172 776 172 776 213 721 213 CE-MEDIUM0 0
726.0000000000001 194 776 194 776 240 726.0000000000001 240 CE-MEDIUM0 0
727 217.99999999999997 782 217.99999999999997 782 266 727 266 CE-MEDIUM0 0
370 503.99999999999994 431 503.99999999999994 431 561 370 561 CE-MEDIUM270 0
726.0000000000001 11 778 11 778 62 726.0000000000001 62 CE-MEDIUM270 0
676 8 730 8 730 59 676 59 CE-MEDIUM270 0
623 62 677 62 677 120 623 120 CE-MEDIUM270 0
599 69 646 69 646 120 599 120 CE-MEDIUM270 0
573 74 632 74 632 132 573 132 CE-MEDIUM270 0
467 193 524 193 524 250 467 250 CE-MEDIUM270 0
297 62 314 62 314 78 297 78 FID-CROSS 0
1005 557 1020 557 1020 572 1005 572 FID-CROSS 0