919 211 1046 211 1046 326 919 326 VGA90 0
893.9999999999999 320 1040 320 1040 412 893.9999999999999 412 RJ45 0
928 401 1015 401 1015 459.99999999999994 928 459.99999999999994 USB90 0
912 132 1010 132 1010 206 912 206 HDMI90 0
925 0 1010 0 1010 51 925 51 MIC90 0
122 306 217 306 217 374.00000000000006 122 374.00000000000006 USB270 0
123 368.99999999999994 214 368.99999999999994 214 432 123 432 USB270 0
335 51 372 51 372 86 335 86 CE-MEDIUM0 0
283 84 316 84 316 116.00000000000001 283 116.00000000000001 CE-MEDIUM0 0
256 81 287 81 287 118 256 118 CE-MEDIUM0 0
283 107 317 107 317 136 283 136 CE-MEDIUM0 0
331 153 363.00000000000006 153 363.00000000000006 186.00000000000003 331 186.00000000000003 CE-MEDIUM0 0
232 188 271 188 271 220.00000000000003 232 220.00000000000003 CE-MEDIUM0 0
184 236 228 236 228 273 184 273 CE-MEDIUM0 0
362 215 399 215 399 247 362 247 CE-MEDIUM0 0
351 356 389 356 389 390.99999999999994 351 390.99999999999994 CE-MEDIUM0 0
747 162 786 162 786 198.00000000000003 747 198.00000000000003 CE-MEDIUM0 0
747.9999999999999 192 786 192 786 224 747.9999999999999 224 CE-MEDIUM0 0
747.9999999999999 210 791 210 791 247 747.9999999999999 247 CE-MEDIUM0 0
754 236 792 236 792 269 754 269 CE-MEDIUM0 0
751 258 797 258 797 298 751 298 CE-MEDIUM0 0
732 330 767 330 767 370.99999999999994 732 370.99999999999994 CE-MEDIUM0 0
708 329 741 329 741 370.99999999999994 708 370.99999999999994 CE-MEDIUM0 0
779 372.00000000000006 820 372.00000000000006 820 410 779 410 CE-MEDIUM0 0
845 143 886 143 886 178 845 178 CE-MEDIUM0 0
782 59 822 59 822 95 782 95 CE-MEDIUM270 0
733 47 774 47 774 83 733 83 CE-MEDIUM270 0
670 96 708 96 708 129 670 129 CE-MEDIUM270 0
651 93.00000000000001 680 93.00000000000001 680 137 651 137 CE-MEDIUM270 0
626 97 659 97 659 135 626 135 CE-MEDIUM270 0
496 198.00000000000003 541 198.00000000000003 541 235 496 235 CE-MEDIUM270 0
351 486.00000000000006 392 486.00000000000006 392 524 351 524 CE-MEDIUM270 0
126 250 185 250 185 307 126 307 TYPE_C 0
349 28 363.00000000000006 28 363.00000000000006 39 349 39 FID-CROSS 0
966 631 979 631 979 646 966 646 FID-CROSS 0