976 587 1070 587 1070 659 976 659 MIC90 0
952 435.99999999999994 1045 435.99999999999994 1045 527 952 527 HDMI90 0
915 305 1065 305 1065 448 915 448 VGA90 0
887 236 1023 236 1023 333 887 333 RJ45 0
902 178 1009 178 1009 259 902 259 USB90 0
132 403 229 403 229 480.99999999999994 132 480.99999999999994 USB270 0
121 336 217 336 217 425 121 425 USB270 0
144 467 213 467 213 536 144 536 TYPE_C 0
383 656 424 656 424 697 383 697 CE-MEDIUM0 0
322 634 370 634 370 682 322 682 CE-MEDIUM0 0
295 637 343 637 343 681 295 681 CE-MEDIUM0 0
320 615 364 615 364 656 320 656 CE-MEDIUM0 0
361 558 403 558 403 603 361 603 CE-MEDIUM0 0
260 538 306 538 306 583 260 583 CE-MEDIUM0 0
208 496 252 496 252 541 208 541 CE-MEDIUM0 0
388 493 427 493 427 535 388 535 CE-MEDIUM0 0
345 350 391 350 391 399 345 399 CE-MEDIUM0 0
769.9999999999999 266 814 266 814 309 769.9999999999999 309 CE-MEDIUM0 0
730 314 772 314 772 359 730 359 CE-MEDIUM0 0
697 318 749 318 749 367 697 367 CE-MEDIUM0 0
871 481.99999999999994 918 481.99999999999994 918 527 871 527 CE-MEDIUM0 0
764 472 827 472 827 526 764 526 CE-MEDIUM0 0
764 450 822 450 822 496 764 496 CE-MEDIUM0 0
764 428 820 428 820 473 764 473 CE-MEDIUM0 0
763 401 815 401 815 445 763 445 CE-MEDIUM0 0
758.9999999999999 378 809 378 809 426 758.9999999999999 426 CE-MEDIUM0 0
326 221 380 221 380 266 326 266 CE-MEDIUM270 0
518 480.99999999999994 565 480.99999999999994 565 530 518 530 CE-MEDIUM270 0
818 569 867 569 867 622 818 622 CE-MEDIUM270 0
773 594 823 594 823 642 773 642 CE-MEDIUM270 0
702 546 754 546 754 605 702 605 CE-MEDIUM270 0
677 554 735 554 735 615 677 615 CE-MEDIUM270 0
649 552 717 552 717 616 649 616 CE-MEDIUM270 0
404 701 421 701 421 718 404 718 FID-CROSS 0
913 4 927 4 927 21 913 21 FID-CROSS 0