981 74 1077 74 1077 148 981 148 MIC90 0
949 211 1055 211 1055 301 949 301 HDMI90 0
913 285 1071 285 1071 423 913 423 VGA90 0
884 390.99999999999994 1043 390.99999999999994 1043 509.00000000000006 884 509.00000000000006 RJ45 0
891 468 1022 468 1022 566 891 566 USB90 0
122 292 222 292 222 375 122 375 USB270 0
139 225 233 225 233 307 139 307 USB270 0
150 177 230 177 230 240 150 240 TYPE_C 0
395 17 439 17 439 65 395 65 CE-MEDIUM0 0
313 39 353 39 353 76 313 76 CE-MEDIUM0 0
339 38 381 38 381 81 339 81 CE-MEDIUM0 0
327 55.00000000000001 382 55.00000000000001 382 103.99999999999999 327 103.99999999999999 CE-MEDIUM0 0
361 111 423 111 423 160 361 160 CE-MEDIUM0 0
268 129 319 129 319 176 268 176 CE-MEDIUM0 0
209 172 268 172 268 216 209 216 CE-MEDIUM0 0
390 181 440 181 440 226 390 226 CE-MEDIUM0 0
346 317 400 317 400 368.99999999999994 346 368.99999999999994 CE-MEDIUM0 0
780 207.99999999999997 827 207.99999999999997 827 251.99999999999997 780 251.99999999999997 CE-MEDIUM0 0
769.9999999999999 234 826 234 826 277 769.9999999999999 277 CE-MEDIUM0 0
769.9999999999999 254.00000000000003 825 254.00000000000003 825 298 769.9999999999999 298 CE-MEDIUM0 0
766 276 826 276 826 323 766 323 CE-MEDIUM0 0
765 304 811 304 811 346 765 346 CE-MEDIUM0 0
730 362 778 362 778 414.99999999999994 730 414.99999999999994 CE-MEDIUM0 0
697 356 749 356 749 406 697 406 CE-MEDIUM0 0
772 418.00000000000006 818 418.00000000000006 818 462.00000000000006 772 462.00000000000006 CE-MEDIUM0 0
878 206.99999999999997 925 206.99999999999997 925 249 878 249 CE-MEDIUM0 0
832 108 884 108 884 155 832 155 CE-MEDIUM270 0
782 89 836 89 836 138 782 138 CE-MEDIUM270 0
717 125 766 125 766 171 717 171 CE-MEDIUM270 0
694 122 740 122 740 170 694 170 CE-MEDIUM270 0
661 118 715.0000000000001 118 715.0000000000001 168 661 168 CE-MEDIUM270 0
525 194 580.0000000000001 194 580.0000000000001 239 525 239 CE-MEDIUM270 0
323 445 381 445 381 503 323 503 CE-MEDIUM270 0
419 0 433 0 433 12.999999999999998 419 12.999999999999998 FID-CROSS 0
909 710 921 710 921 720 909 720 FID-CROSS 0