889 569 987 569 987 665 889 665 HDMI90 0
889 445 1037 445 1037 585 889 585 VGA90 0
890 367 1027 367 1027 466 890 466 RJ45 0
923 310 1034 310 1034 397 923 397 USB90 0
124 286 222 286 222 366 124 366 USB270 0
128 215 234 215 234 315 128 315 USB270 0
115 346 190 346 190 421 115 421 TYPE_C 0
291 597 335 597 335 641 291 641 CE-MEDIUM0 0
239 559 288 559 288 608 239 608 CE-MEDIUM0 0
214 554 262 554 262 598 214 598 CE-MEDIUM0 0
245 540 289 540 289 580 245 580 CE-MEDIUM0 0
300 498 343 498 343 544 300 544 CE-MEDIUM0 0
208 446 258 446 258 495 208 495 CE-MEDIUM0 0
173 390.99999999999994 220 390.99999999999994 220 437.99999999999994 173 437.99999999999994 CE-MEDIUM0 0
345 443 387 443 387 488 345 488 CE-MEDIUM0 0
349 296 395 296 395 345 349 345 CE-MEDIUM0 0
780 347 824 347 824 390 780 390 CE-MEDIUM0 0
727 379 769 379 769 425 727 425 CE-MEDIUM0 0
691 372.00000000000006 747 372.00000000000006 747 426 691 426 CE-MEDIUM0 0
808 583 858 583 858 632 808 632 CE-MEDIUM0 0
708 544 772 544 772 598 708 598 CE-MEDIUM0 0
717 523 775 523 775 569 717 569 CE-MEDIUM0 0
723 500 781 500 781 547 723 547 CE-MEDIUM0 0
732 476 783 476 783 519 732 519 CE-MEDIUM0 0
733 450 786 450 786 501 733 501 CE-MEDIUM0 0
370 167 427 167 427 216 370 216 CE-MEDIUM270 0
470 471 524 471 524 526 470 526 CE-MEDIUM270 0
729 650 782 650 782 706 729 706 CE-MEDIUM270 0
681 661 731 661 731 709 681 709 CE-MEDIUM270 0
625 593 679 593 679 653 625 653 CE-MEDIUM270 0
599 594 657 594 657 656 599 656 CE-MEDIUM270 0
573 586 640 586 640 648 573 648 CE-MEDIUM270 0
302 645 319 645 319 661 302 661 FID-CROSS 0
1002 137 1017 137 1017 155 1002 155 FID-CROSS 0