103 25 218.00000000000003 25 218.00000000000003 128 103 128 HDMI90 0
47 97 213 97 213 245 47 245 VGA90 0
36 206.99999999999997 199 206.99999999999997 199 333 36 333 RJ45 0
30 284 162 284 162 384 30 384 USB90 0
836 441.00000000000006 939 441.00000000000006 939 530 836 530 USB270 0
851 372.00000000000006 954 372.00000000000006 954 465 851 465 USB270 0
879 328 966 328 966 401 879 401 TYPE_C 0
760 95 805 95 805 143 760 143 CE-MEDIUM0 0
831 147 875 147 875 189 831 189 CE-MEDIUM0 0
805 137 848 137 848 181 805 181 CE-MEDIUM0 0
796 154 852 154 852 205 796 205 CE-MEDIUM0 0
734 187.00000000000003 800 187.00000000000003 800 242.00000000000003 734 242.00000000000003 CE-MEDIUM0 0
826 248 876 248 876 295 826 295 CE-MEDIUM0 0
853 307 914 307 914 355 853 355 CE-MEDIUM0 0
692 243.00000000000003 745 243.00000000000003 745 292 692 292 CE-MEDIUM0 0
672 386 728 386 728 441.00000000000006 672 441.00000000000006 CE-MEDIUM0 0
327 111 377 111 377 158 327 158 CE-MEDIUM0 0
317 135 377 135 377 184 317 184 CE-MEDIUM0 0
311 154 369 154 369 203 311 203 CE-MEDIUM0 0
302 177 362 177 362 225 302 225 CE-MEDIUM0 0
303 203 354 203 354 251 303 251 CE-MEDIUM0 0
309 273 358 273 358 327 309 327 CE-MEDIUM0 0
339 281 390 281 390 329 339 329 CE-MEDIUM0 0
249.00000000000003 305 300 305 300 354 249.00000000000003 354 CE-MEDIUM0 0
240 71 287 71 287 113 240 113 CE-MEDIUM0 0
315 0 369 0 369 46 315 46 CE-MEDIUM270 0
369 1 422 1 422 50 369 50 CE-MEDIUM270 0
416 60 468 60 468 110.00000000000001 416 110.00000000000001 CE-MEDIUM270 0
442 67 491 67 491 118 442 118 CE-MEDIUM270 0
467 76 521 76 521 127.00000000000001 467 127.00000000000001 CE-MEDIUM270 0
558 199 616 199 616 249 558 249 CE-MEDIUM270 0
637 511 694 511 694 569 637 569 CE-MEDIUM270 0
781 75 796 75 796 90 781 90 FID-CROSS 0
45 527 59 527 59 541 45 541 FID-CROSS 0