63 674 155 674 155 720 63 720 MIC90 0
68 518 154 518 154 595 68 595 HDMI90 0
33 391.99999999999994 169 391.99999999999994 169 517 33 517 VGA90 0
37 306 188 306 188 406 37 406 RJ45 0
58 262 155.99999999999997 262 155.99999999999997 327 58 327 USB90 0
858 276 957 276 957 350 858 350 USB270 0
860 345 955 345 955 412 860 412 USB270 0
888 411 956 411 956 466 888 466 TYPE_C 0
712 630 745 630 745 665 712 665 CE-MEDIUM0 0
763 601 803 601 803 634 763 634 CE-MEDIUM0 0
791 598 830 598 830 636 791 636 CE-MEDIUM0 0
763 575 802 575 802 615 763 615 CE-MEDIUM0 0
716 532 753 532 753 567 716 567 CE-MEDIUM0 0
678 469 718 469 718 504.99999999999994 678 504.99999999999994 CE-MEDIUM0 0
813 498 847 498 847 529 813 529 CE-MEDIUM0 0
849 446 897 446 897 484.00000000000006 849 484.00000000000006 CE-MEDIUM0 0
693 324 729 324 729 363 693 363 CE-MEDIUM0 0
260 313 299 313 299 352 260 352 CE-MEDIUM0 0
311 353 352 353 352 395.00000000000006 311 395.00000000000006 CE-MEDIUM0 0
334 353 380 353 380 395.00000000000006 334 395.00000000000006 CE-MEDIUM0 0
190 538 239 538 239 587 190 587 CE-MEDIUM0 0
287 522 337 522 337 564 287 564 CE-MEDIUM0 0
292 501 331 501 331 538 292 538 CE-MEDIUM0 0
287 476 328 476 328 514 287 514 CE-MEDIUM0 0
282 453 330 453 330 485.00000000000006 282 485.00000000000006 CE-MEDIUM0 0
278 428 335 428 335 463.00000000000006 278 463.00000000000006 CE-MEDIUM0 0
682 193 730 193 730 233 682 233 CE-MEDIUM270 0
544 485.00000000000006 583 485.00000000000006 583 523 544 523 CE-MEDIUM270 0
262 628 300 628 300 662 262 662 CE-MEDIUM270 0
311 641 353 641 353 674 311 674 CE-MEDIUM270 0
368 590 413 590 413 631 368 631 CE-MEDIUM270 0
392 583 433 583 433 632 392 632 CE-MEDIUM270 0
415 583 464 583 464 628 415 628 CE-MEDIUM270 0
544 485.00000000000006 585 485.00000000000006 585 524 544 524 CE-MEDIUM270 0
721 677 734 677 734 690 721 690 FID-CROSS 0
99 80 111 80 111 91 99 91 FID-CROSS 0