893 564 991 564 991 649 893 649 MIC90 0
899 442 1033 442 1033 573 899 573 VGA90 0
891 355 1044 355 1044 459.99999999999994 891 459.99999999999994 RJ45 0
917 301 1046 301 1046 391.99999999999994 917 391.99999999999994 USB90 0
122 365 181 365 181 417.00000000000006 122 417.00000000000006 TYPE_C 0
114 287 226 287 226 370.99999999999994 114 370.99999999999994 USB270 0
130 232.00000000000003 234 232.00000000000003 234 307 130 307 USB270 0
296 601 339 601 339 644 296 644 CE-MEDIUM0 0
247 565 289 565 289 606 247 606 CE-MEDIUM0 0
223 560 262 560 262 598 223 598 CE-MEDIUM0 0
249.00000000000003 548 291 548 291 580 249.00000000000003 580 CE-MEDIUM0 0
216 457 255 457 255 495 216 495 CE-MEDIUM0 0
303 503 345 503 345 542 303 542 CE-MEDIUM0 0
343 446 389 446 389 488 343 488 CE-MEDIUM0 0
175 400 218.00000000000003 400 218.00000000000003 442 175 442 CE-MEDIUM0 0
353 303 393 303 393 345 353 345 CE-MEDIUM0 0
811 580 858 580 858 620 811 620 CE-MEDIUM0 0
719 545 771 545 771 589 719 589 CE-MEDIUM0 0
726.0000000000001 520 771 520 771 566 726.0000000000001 566 CE-MEDIUM0 0
732 501 775 501 775 537 732 537 CE-MEDIUM0 0
730 475 784 475 784 516 730 516 CE-MEDIUM0 0
733 451 786 451 786 492 733 492 CE-MEDIUM0 0
726.0000000000001 373.00000000000006 766 373.00000000000006 766 419.00000000000006 726.0000000000001 419.00000000000006 CE-MEDIUM0 0
698 368 746 368 746 423 698 423 CE-MEDIUM0 0
781 341 824 341 824 385 781 385 CE-MEDIUM0 0
740 652 787 652 787 696 740 696 CE-MEDIUM270 0
689 656 736 656 736 700 689 700 CE-MEDIUM270 0
636 603 682 603 682 647 636 647 CE-MEDIUM270 0
612.9999999999999 597 657 597 657 644 612.9999999999999 644 CE-MEDIUM270 0
592 594 634 594 634 636 592 636 CE-MEDIUM270 0
478 482.99999999999994 520 482.99999999999994 520 521 478 521 CE-MEDIUM270 0
367 171 420 171 420 217.99999999999997 367 217.99999999999997 CE-MEDIUM270 0
309 653 323 653 323 666 309 666 FID-CROSS 0
999 134 1013 134 1013 147 999 147 FID-CROSS 0