89 564 188 564 188 650 89 650 MIC90 0
43 436.99999999999994 186.99999999999997 436.99999999999994 186.99999999999997 579 43 579 VGA90 0
36 353 191 353 191 462.00000000000006 36 462.00000000000006 RJ45 0
36 304 163 304 163 390 36 390 USB90 0
898 363 960 363 960 419.00000000000006 898 419.00000000000006 TYPE_C 0
857 290 965 290 965 368 857 368 USB270 0
845 228 953 228 953 310 845 310 USB270 0
740 599 785 599 785 645 740 645 CE-MEDIUM0 0
793 566 832 566 832 604 793 604 CE-MEDIUM0 0
820 562 857 562 857 597 820 597 CE-MEDIUM0 0
789 547 832 547 832 580 789 580 CE-MEDIUM0 0
824 455 866 455 866 496 824 496 CE-MEDIUM0 0
735 502 778 502 778 542 735 542 CE-MEDIUM0 0
692 447 737.0000000000001 447 737.0000000000001 488 692 488 CE-MEDIUM0 0
862 400 904.9999999999999 400 904.9999999999999 442 862 442 CE-MEDIUM0 0
687 303 728 303 728 346 687 346 CE-MEDIUM0 0
222 580 269 580 269 620 222 620 CE-MEDIUM0 0
309 544 362 544 362 590 309 590 CE-MEDIUM0 0
308 518 356 518 356 567 308 567 CE-MEDIUM0 0
305 501 348 501 348 537 305 537 CE-MEDIUM0 0
297 475 351 475 351 516 297 516 CE-MEDIUM0 0
295 452 347 452 347 491 295 491 CE-MEDIUM0 0
314 372.00000000000006 355 372.00000000000006 355 419.00000000000006 314 419.00000000000006 CE-MEDIUM0 0
336 368 382 368 382 423 336 423 CE-MEDIUM0 0
258 343 297 343 297 384 258 384 CE-MEDIUM0 0
294 653 339 653 339 695 294 695 CE-MEDIUM270 0
345 657 391 657 391 700 345 700 CE-MEDIUM270 0
398 602 444 602 444 647 398 647 CE-MEDIUM270 0
425.00000000000006 598 467 598 467 643 425.00000000000006 643 CE-MEDIUM270 0
444 592 490 592 490 638 444 638 CE-MEDIUM270 0
560 482.99999999999994 602.0000000000001 482.99999999999994 602.0000000000001 521 560 521 CE-MEDIUM270 0
661 171 714 171 714 217 661 217 CE-MEDIUM270 0
757 652 772 652 772 666 757 666 FID-CROSS 0
67 133 81 133 81 147 67 147 FID-CROSS 0