186.99999999999997 402 305 402 305 488 186.99999999999997 488 RJ45 0
191 354 277 354 277 412 191 412 USB90 0
201 295 265 295 265 352 201 352 HDMI90 0
194 231.00000000000003 259 231.00000000000003 259 299 194 299 HDMI90 0
142 118 273 118 273 238 142 238 VGA90 0
373 323 404 323 404 353 373 353 CE-SMALL270 0
161 80 235 80 235 137 161 137 MIC90 0
382 302 416 302 416 335 382 335 CE-SMALL270 0
377 274 409 274 409 304 377 304 CE-SMALL0 0
372 255 409 255 409 280 372 280 CE-SMALL0 0
371 235 409 235 409 264 371 264 CE-SMALL0 0
368 214 409 214 409 246 368 246 CE-SMALL0 0
491 128 524 128 524 164 491 164 CE-SMALL270 0
472 134 496 134 496 167 472 167 CE-SMALL270 0
452 135 478 135 478 165 452 165 CE-SMALL270 0
432 135 458 135 458 168 432 168 CE-SMALL270 0
410 138 439 138 439 173 410 173 CE-SMALL270 0
734 212 766 212 766 240 734 240 CE-SMALL0 0
755 189 785 189 785 218.99999999999997 755 218.99999999999997 CE-SMALL0 0
733 191 764 191 764 222 733 222 CE-SMALL0 0
908 183 944 183 944 216 908 216 CE-SMALL0 0
771 435.99999999999994 809 435.99999999999994 809 469 771 469 CE-SMALL270 0
768 413 804 413 804 442 768 442 CE-SMALL270 0
824 56 864 56 864 93.00000000000001 824 93.00000000000001 CE-SMALL0 0
765 41 800 41 800 77 765 77 CE-SMALL0 0
742 47 773 47 773 77 742 77 CE-SMALL0 0
735 7 771 7 771 38 735 38 CE-SMALL270 0
610 214 644 214 644 245 610 245 CE-SMALL270 0
324 326 360 326 360 364 324 364 CE-MEDIUM0 0
302 171 344 171 344 210 302 210 CE-MEDIUM0 0
379 140 420 140 420 182 379 182 CE-MEDIUM0 0
493 40 533 40 533 81 493 81 CE-MEDIUM270 0
381 56 424 56 424 97.99999999999999 381 97.99999999999999 CE-MEDIUM270 0
749 123 791 123 791 159 749 159 CE-MEDIUM0 0
787 82 830 82 830 123 787 123 CE-MEDIUM0 0
816 79 858 79 858 119 816 119 CE-MEDIUM0 0
904.9999999999999 14 922 14 922 32 904.9999999999999 32 FID-CROSS 0
274 633 285 633 285 644 274 644 FID-CROSS 0
923 304 1007.0000000000001 304 1007.0000000000001 368 923 368 USB270 0
911 245 1001 245 1001 311 911 311 USB270 0
932 200 992 200 992 242.00000000000003 932 242.00000000000003 USB270 0