897 0 993 0 993 19 897 19 MIC90 0
909 94 999 94 999 175 909 175 HDMI90 0
903 172 1041 172 1041 299 903 299 VGA90 0
891 284 1044 284 1044 386 891 386 RJ45 0
925 358 1029 358 1029 433 925 433 USB90 0
126 394.00000000000006 228 394.00000000000006 228 472 126 472 USB270 0
120 327 225 327 225 409 120 409 USB270 0
118 280 189 280 189 338 118 338 TYPE_C 0
315 69 349 69 349 105 315 105 CE-MEDIUM0 0
260 103.99999999999999 300 103.99999999999999 300 137 260 137 CE-MEDIUM0 0
232 102 274 102 274 143 232 143 CE-MEDIUM0 0
260 120 304 120 304 165 260 165 CE-MEDIUM0 0
313 166 353 166 353 204 313 204 CE-MEDIUM0 0
353 226 395 226 395 264 353 264 CE-MEDIUM0 0
222 210 259 210 259 245 222 245 CE-MEDIUM0 0
178 260 225 260 225 297 178 297 CE-MEDIUM0 0
351 367 392 367 392 411 351 411 CE-MEDIUM0 0
784 350 822 350 822 389 784 389 CE-MEDIUM0 0
727 311 767 311 767 352 727 352 CE-MEDIUM0 0
698 312 745 312 745 355 698 355 CE-MEDIUM0 0
826 110.00000000000001 877 110.00000000000001 877 162 826 162 CE-MEDIUM0 0
728 139 781 139 781 184 728 184 CE-MEDIUM0 0
736 166 778 166 778 206 736 206 CE-MEDIUM0 0
742 190 784 190 784 229 742 229 CE-MEDIUM0 0
741 217 791 217 791 252.99999999999997 741 252.99999999999997 CE-MEDIUM0 0
738 239 798 239 798 279 738 279 CE-MEDIUM0 0
360 498 410 498 410 540 360 540 CE-MEDIUM270 0
485 197.00000000000003 528 197.00000000000003 528 239 485 239 CE-MEDIUM270 0
758 38 801 38 801 78 758 78 CE-MEDIUM270 0
706 32 749 32 749 66 706 66 CE-MEDIUM270 0
650 80 695 80 695 122 650 122 CE-MEDIUM270 0
627 78 674 78 674 131 627 131 CE-MEDIUM270 0
596 84 650 84 650 134 596 134 CE-MEDIUM270 0
485 197.00000000000003 528 197.00000000000003 528 238 485 238 CE-MEDIUM270 0
324 44 338 44 338 57 324 57 FID-CROSS 0
986 598 1000 598 1000 610 986 610 FID-CROSS 0