68 672 159 672 159 720 68 720 MIC90 0
59 516 160 516 160 601 59 601 HDMI90 0
29 401 171 401 171 519 29 519 VGA90 0
33 310 182 310 182 411 33 411 RJ45 0
40 254.00000000000003 161 254.00000000000003 161 334 40 334 USB90 0
859 271 953 271 953 347 859 347 USB270 0
863 341 950 341 950 414.99999999999994 863 414.99999999999994 USB270 0
876 406 954 406 954 465 876 465 TYPE_C 0
710 627 745 627 745 667 710 667 CE-MEDIUM0 0
787 597 824 597 824 631 787 631 CE-MEDIUM0 0
760 598 797 598 797 636 760 636 CE-MEDIUM0 0
756 576 805 576 805 618 756 618 CE-MEDIUM0 0
703 529 760 529 760 571 703 571 CE-MEDIUM0 0
803 491 848 491 848 532 803 532 CE-MEDIUM0 0
843 443 896 443 896 478 843 478 CE-MEDIUM0 0
672 467 718 467 718 508.00000000000006 672 508.00000000000006 CE-MEDIUM0 0
683 317 733 317 733 366 683 366 CE-MEDIUM0 0
287 522 331 522 331 562 287 562 CE-MEDIUM0 0
284 499 336 499 336 534 284 534 CE-MEDIUM0 0
282 478 331 478 331 514 282 514 CE-MEDIUM0 0
276 453 331 453 331 493 276 493 CE-MEDIUM0 0
284 427 327 427 327 466 284 466 CE-MEDIUM0 0
306 353 346 353 346 400 306 400 CE-MEDIUM0 0
334 357 379 357 379 398 334 398 CE-MEDIUM0 0
254 316 294 316 294 354 254 354 CE-MEDIUM0 0
193 547 236 547 236 584 193 584 CE-MEDIUM0 0
253 630 300 630 300 670 253 670 CE-MEDIUM270 0
305 636 352 636 352 678 305 678 CE-MEDIUM270 0
366 590 408 590 408 629 366 629 CE-MEDIUM270 0
391 584 433 584 433 628 391 628 CE-MEDIUM270 0
416 581 465 581 465 626 416 626 CE-MEDIUM270 0
533 485.00000000000006 582 485.00000000000006 582 523 533 523 CE-MEDIUM270 0
676 184.99999999999997 725 184.99999999999997 725 235 676 235 CE-MEDIUM270 0
719 676 732 676 732 689 719 689 FID-CROSS 0
93 83 105 83 105 95 93 95 FID-CROSS 0