38 176 173 176 173 300 38 300 VGA90 0
38.99999999999999 288 189 288 189 385 38.99999999999999 385 RJ45 0
58 364 154 364 154 436.99999999999994 58 436.99999999999994 USB90 0
79 95 189 95 189 184.99999999999997 79 184.99999999999997 HDMI90 0
91 0 181 0 181 25.999999999999996 91 25.999999999999996 MIC90 0
864 332 959 332 959 401 864 401 USB270 0
862 392.99999999999994 955 392.99999999999994 955 459.99999999999994 862 459.99999999999994 USB270 0
728 62.99999999999999 767 62.99999999999999 767 101 728 101 CE-MEDIUM0 0
780 99.00000000000001 816 99.00000000000001 816 135 780 135 CE-MEDIUM0 0
810 100 843 100 843 139 810 139 CE-MEDIUM0 0
778 122 816 122 816 156 778 156 CE-MEDIUM0 0
729 166 763 166 763 201 729 201 CE-MEDIUM0 0
818 206.99999999999997 860 206.99999999999997 860 242.00000000000003 818 242.00000000000003 CE-MEDIUM0 0
859 260 903 260 903 297 859 297 CE-MEDIUM0 0
690 226 726.0000000000001 226 726.0000000000001 257 690 257 CE-MEDIUM0 0
689 366 729 366 729 404 689 404 CE-MEDIUM0 0
305 144 349 144 349 186.00000000000003 305 186.00000000000003 CE-MEDIUM0 0
305 175 345 175 345 210 305 210 CE-MEDIUM0 0
299 194 342 194 342 231.00000000000003 299 231.00000000000003 CE-MEDIUM0 0
295 218.99999999999997 335 218.99999999999997 335 255 295 255 CE-MEDIUM0 0
289 240.99999999999997 336 240.99999999999997 336 283 289 283 CE-MEDIUM0 0
313 315 352 315 352 358 313 358 CE-MEDIUM0 0
341 316 373.99999999999994 316 373.99999999999994 359 341 359 CE-MEDIUM0 0
259 354 300 354 300 390.99999999999994 259 390.99999999999994 CE-MEDIUM0 0
209 121.00000000000001 250 121.00000000000001 250 156 209 156 CE-MEDIUM0 0
278 41 319 41 319 78 278 78 CE-MEDIUM270 0
327 31 370 31 370 70 327 70 CE-MEDIUM270 0
389 85 429 85 429 120 389 120 CE-MEDIUM270 0
414 83 449 83 449 131 414 131 CE-MEDIUM270 0
436.00000000000006 88 476 88 476 132 436.00000000000006 132 CE-MEDIUM270 0
550 200 594 200 594 236 550 236 CE-MEDIUM270 0
677 496 719 496 719 536 677 536 CE-MEDIUM270 0
900 278 960 278 960 335 900 335 TYPE_C 0
740 41 755 41 755 54 740 54 FID-CROSS 0
83 600 96 600 96 615 83 615 FID-CROSS 0