755 181 880 181 880 280 755 280 RJ45 0
793 254.00000000000003 886 254.00000000000003 886 326 793 326 USB90 0
813 314 886 314 886 382 813 382 HDMI90 0
828 367 903 367 903 444 828 444 HDMI90 0
831 426 965 426 965 550 831 550 VGA90 0
677 343 710 343 710 374.00000000000006 677 374.00000000000006 CE-SMALL270 0
879 524 957 524 957 588 879 588 MIC90 0
667 361 705 361 705 398 667 398 CE-SMALL270 0
679 390.99999999999994 714 390.99999999999994 714 425 679 425 CE-SMALL0 0
682 412 723 412 723 444 682 444 CE-SMALL0 0
686 429 727 429 727 463.00000000000006 686 463.00000000000006 CE-SMALL0 0
689 447 732 447 732 481.99999999999994 689 481.99999999999994 CE-SMALL0 0
589 548 622 548 622 585 589 585 CE-SMALL270 0
616 542 642 542 642 576 616 576 CE-SMALL270 0
631 539 662 539 662 573 631 573 CE-SMALL270 0
653 534 682 534 682 568 653 568 CE-SMALL270 0
671 526 702 526 702 563 671 563 CE-SMALL270 0
337 511 371 511 371 542 337 542 CE-SMALL0 0
321 534 355 534 355 568 321 568 CE-SMALL0 0
342 528 375 528 375 561 342 561 CE-SMALL0 0
166 562 203 562 203 597 166 597 CE-SMALL0 0
258 289 300 289 300 327 258 327 CE-SMALL270 0
267 314 307 314 307 349 267 349 CE-SMALL270 0
263 669 307 669 307 710 263 710 CE-SMALL0 0
330 676 368 676 368 715 330 715 CE-SMALL0 0
355 671 390 671 390 706 355 706 CE-SMALL0 0
363.00000000000006 709 402 709 402 720 363.00000000000006 720 CE-SMALL270 0
456 484.00000000000006 494 484.00000000000006 494 521 456 521 CE-SMALL270 0
718 323 758.9999999999999 323 758.9999999999999 365 718 365 CE-MEDIUM0 0
756 470 805 470 805 517 756 517 CE-MEDIUM0 0
689 513 732 513 732 557 689 557 CE-MEDIUM0 0
591.0000000000001 628 637 628 637 676 591.0000000000001 676 CE-MEDIUM270 0
695 594 745 594 745 644 695 644 CE-MEDIUM270 0
324 592 372 592 372 635 324 635 CE-MEDIUM0 0
294 635 338 635 338 678 294 678 CE-MEDIUM0 0
266 644 310 644 310 686 266 686 CE-MEDIUM0 0
747.9999999999999 39 760 39 760 50 747.9999999999999 50 FID-CROSS 0
81 414.99999999999994 169 414.99999999999994 169 486.00000000000006 81 486.00000000000006 USB270 0
97 472 186.99999999999997 472 186.99999999999997 541 97 541 USB270 0
113 538 178 538 178 589 113 589 USB270 0