113 315 191 315 191 386 113 386 TYPE_C 0
119 365 223 365 223 454 119 454 USB270 0
130 424 241 424 241 516 130 516 USB270 0
874 44 988 44 988 138 874 138 HDMI90 0
870 120 1035 120 1035 261 870 261 VGA90 0
880 231.00000000000003 1045 231.00000000000003 1045 353 880 353 RJ45 0
915 304 1049 304 1049 396.00000000000006 915 396.00000000000006 USB90 0
275 86 332 86 332 136 275 136 CE-MEDIUM0 0
236 129 278 129 278 171 236 171 CE-MEDIUM0 0
211 135 247 135 247 175 211 175 CE-MEDIUM0 0
239 150 279 150 279 189 239 189 CE-MEDIUM0 0
293 184 341 184 341 229 293 229 CE-MEDIUM0 0
203 239 253 239 253 284 203 284 CE-MEDIUM0 0
169 293 218.00000000000003 293 218.00000000000003 338 169 338 CE-MEDIUM0 0
337 239 386 239 386 284 337 284 CE-MEDIUM0 0
352 387 399 387 399 428 352 428 CE-MEDIUM0 0
778 319 829 319 829 367 778 367 CE-MEDIUM0 0
722 285 775 285 775 333 722 333 CE-MEDIUM0 0
689 287 745 287 745 344 689 344 CE-MEDIUM0 0
800 83 848 83 848 128 800 128 CE-MEDIUM0 0
710 123 757 123 757 163 710 163 CE-MEDIUM0 0
716 148 762 148 762 190 716 190 CE-MEDIUM0 0
725 170 768 170 768 209.00000000000003 725 209.00000000000003 CE-MEDIUM0 0
724 192 776 192 776 235 724 235 CE-MEDIUM0 0
731 217 780 217 780 257 731 257 CE-MEDIUM0 0
377 510 429 510 429 561 377 561 CE-MEDIUM270 0
722 9 776 9 776 54 722 54 CE-MEDIUM270 0
674 11 719 11 719 53 674 53 CE-MEDIUM270 0
619 66 668 66 668 113 619 113 CE-MEDIUM270 0
597 72 642 72 642 119 597 119 CE-MEDIUM270 0
579 80 622 80 622 124 579 124 CE-MEDIUM270 0
468 202 518 202 518 244 468 244 CE-MEDIUM270 0
292 66 308 66 308 81 292 81 FID-CROSS 0
1008 548 1025 548 1025 565 1008 565 FID-CROSS 0