997 532 1080 532 1080 613 997 613 MIC90 0
956 384 1058 384 1058 478 956 478 HDMI90 0
910 256 1067 256 1067 404 910 404 VGA90 0
872.0000000000001 181 1029 181 1029 294 872.0000000000001 294 RJ45 0
884 134 993 134 993 220.00000000000003 884 220.00000000000003 USB90 0
121 374.00000000000006 227 374.00000000000006 227 459.99999999999994 121 459.99999999999994 USB270 0
138 435.99999999999994 246 435.99999999999994 246 522 138 522 USB270 0
158 510 231 510 231 572 158 572 TYPE_C 0
419 668 458 668 458 709 419 709 CE-MEDIUM0 0
356 656 399 656 399 693 356 693 CE-MEDIUM0 0
329 660 373 660 373 703 329 703 CE-MEDIUM0 0
349 630 396 630 396 677 349 677 CE-MEDIUM0 0
383 573 429 573 429 617 383 617 CE-MEDIUM0 0
401 504.99999999999994 445 504.99999999999994 445 545 401 545 CE-MEDIUM0 0
284 569 323 569 323 606 284 606 CE-MEDIUM0 0
224 531 276 531 276 575 224 575 CE-MEDIUM0 0
349 368 394 368 394 414.99999999999994 349 414.99999999999994 CE-MEDIUM0 0
763 240 805 240 805 283 763 283 CE-MEDIUM0 0
721 291 769 291 769 340 721 340 CE-MEDIUM0 0
695 300 745 300 745 347 695 347 CE-MEDIUM0 0
882 436.99999999999994 937 436.99999999999994 937 492 882 492 CE-MEDIUM0 0
782 448 838 448 838 498 782 498 CE-MEDIUM0 0
781 429 826 429 826 472 781 472 CE-MEDIUM0 0
778 403 824 403 824 448 778 448 CE-MEDIUM0 0
769 380 822 380 822 422 769 422 CE-MEDIUM0 0
758 355 820 355 820 401 758 401 CE-MEDIUM0 0
313 239 369 239 369 290 313 290 CE-MEDIUM270 0
534 481.99999999999994 580.0000000000001 481.99999999999994 580.0000000000001 527 534 527 CE-MEDIUM270 0
845 541 892 541 892 585 845 585 CE-MEDIUM270 0
798 567 847 567 847 610 798 610 CE-MEDIUM270 0
729 536 778 536 778 582 729 582 CE-MEDIUM270 0
706 536 755 536 755 590 706 590 CE-MEDIUM270 0
676 542 732 542 732 595 676 595 CE-MEDIUM270 0
535 485.00000000000006 579 485.00000000000006 579 527 535 527 CE-MEDIUM270 0
442 716 456 716 456 720 442 720 FID-CROSS 0