896 307 962 307 962 367 896 367 TYPE_C 0
861.0000000000001 352 958 352 958 437.99999999999994 861.0000000000001 437.99999999999994 USB270 0
850.0000000000001 418.00000000000006 946 418.00000000000006 946 496 850.0000000000001 496 USB270 0
91 59 199 59 199 155 91 155 HDMI90 0
37 131 200 131 200 280 37 280 VGA90 0
37 248 194 248 194 364 37 364 RJ45 0
43 324 155.99999999999997 324 155.99999999999997 405 43 405 USB90 0
747 81 789 81 789 122 747 122 CE-MEDIUM0 0
795 118 838 118 838 160 795 160 CE-MEDIUM0 0
822 122 870 122 870 164 822 164 CE-MEDIUM0 0
791 141 831 141 831 181 791 181 CE-MEDIUM0 0
735 176 785 176 785 224 735 224 CE-MEDIUM0 0
692 235 734 235 734 280 692 280 CE-MEDIUM0 0
823 224 872.0000000000001 224 872.0000000000001 272 823 272 CE-MEDIUM0 0
859 283 907 283 907 324 859 324 CE-MEDIUM0 0
686 378 729 378 729 426 686 426 CE-MEDIUM0 0
255 330 298 330 298 372.00000000000006 255 372.00000000000006 CE-MEDIUM0 0
313 295 358 295 358 347 313 347 CE-MEDIUM0 0
331 295 390 295 390 349 331 349 CE-MEDIUM0 0
221 89 275 89 275 141 221 141 CE-MEDIUM0 0
314 130 365 130 365 169 314 169 CE-MEDIUM0 0
309 149 358 149 358 195 309 195 CE-MEDIUM0 0
301.00000000000006 175 358 175 358 217.99999999999997 301.00000000000006 217.99999999999997 CE-MEDIUM0 0
303 199 352 199 352 243.00000000000003 303 243.00000000000003 CE-MEDIUM0 0
299 224 350 224 350 268 299 268 CE-MEDIUM0 0
653 502 714 502 714 559 653 559 CE-MEDIUM270 0
298 15 349 15 349 65 298 65 CE-MEDIUM270 0
345 12 398 12 398 62 345 62 CE-MEDIUM270 0
398 64 452 64 452 122 398 122 CE-MEDIUM270 0
428 70 478 70 478 122 428 122 CE-MEDIUM270 0
444 74 504 74 504 133 444 133 CE-MEDIUM270 0
555 193 610 193 610 248 555 248 CE-MEDIUM270 0
761 59 778 59 778 74 761 74 FID-CROSS 0
64 565 79 565 79 580 64 580 FID-CROSS 0