953 634 1042 634 1042 694 953 694 MIC90 0
936 475 1034 475 1034 560 936 560 MIC90 0
924 353 1051 353 1051 478 924 478 VGA90 0
893 268 1043 268 1043 367 893 367 RJ45 0
908 217 1029 217 1029 293 908 293 USB90 0
139 448 194 448 194 494 139 494 TYPE_C 0
117 368 225 368 225 447 117 447 USB270 0
122 314 218.00000000000003 314 218.00000000000003 377 122 377 USB270 0
356 642 397 642 397 684 356 684 CE-MEDIUM0 0
302 619 340 619 340 655 302 655 CE-MEDIUM0 0
277 620 311 620 311 652 277 652 CE-MEDIUM0 0
297 600 338 600 338 631 297 631 CE-MEDIUM0 0
247 518 286 518 286 555 247 555 CE-MEDIUM0 0
342 544 384 544 384 583 342 583 CE-MEDIUM0 0
371 481.99999999999994 413 481.99999999999994 413 520 371 520 CE-MEDIUM0 0
197 471 238 471 238 511 197 511 CE-MEDIUM0 0
350 339 388 339 388 380 350 380 CE-MEDIUM0 0
856 515 901 515 901 552 856 552 CE-MEDIUM0 0
758 499 809 499 809 542 758 542 CE-MEDIUM0 0
762 475 802 475 802 516 762 516 CE-MEDIUM0 0
760 453 803 453 803 489 760 489 CE-MEDIUM0 0
754 428 806 428 806 467 754 467 CE-MEDIUM0 0
751 404 803 404 803 442 751 442 CE-MEDIUM0 0
732 331 766 331 766 373.00000000000006 732 373.00000000000006 CE-MEDIUM0 0
704 331 745 331 745 382 704 382 CE-MEDIUM0 0
779 289 817 289 817 328 779 328 CE-MEDIUM0 0
804 602 845 602 845 639 804 639 CE-MEDIUM270 0
752 615 796 615 796 656 752 656 CE-MEDIUM270 0
691 575 732 575 732 613 691 613 CE-MEDIUM270 0
668 574 706 574 706 616 668 616 CE-MEDIUM270 0
645 575 685 575 685 615 645 615 CE-MEDIUM270 0
508 488 550 488 550 526 508 526 CE-MEDIUM270 0
338 207.99999999999997 386 207.99999999999997 386 249 338 249 CE-MEDIUM270 0
377 693 390 693 390 705 377 705 FID-CROSS 0
944 42 957 42 957 55.00000000000001 944 55.00000000000001 FID-CROSS 0