0 106 83 106 83 191 0 191 MIC90 0
21 237 123 237 123 338 21 338 HDMI90 0
11 314 171 314 171 467 11 467 VGA90 0
65 425 207 425 207 533 65 533 RJ45 0
84 497 201 497 201 593 84 593 USB90 0
839 200 940 200 940 284 839 284 USB270 0
853 250 961 250 961 352 853 352 USB270 0
846 143 924 143 924 221 846 221 TYPE_C 0
619 8 666 8 666 55.00000000000001 619 55.00000000000001 CE-MEDIUM0 0
676 19 728 19 728 70 676 70 CE-MEDIUM0 0
703 17 754 17 754 64 703 64 CE-MEDIUM0 0
685 44 732 44 732 88 685 88 CE-MEDIUM0 0
652 100 698 100 698 149 652 149 CE-MEDIUM0 0
752 112 800 112 800 158 752 158 CE-MEDIUM0 0
807 144 859 144 859 195.99999999999997 807 195.99999999999997 CE-MEDIUM0 0
634.9999999999999 171 678 171 678 216 634.9999999999999 216 CE-MEDIUM0 0
688 304 733 304 733 352 688 352 CE-MEDIUM0 0
275 436.99999999999994 321 436.99999999999994 321 481.99999999999994 275 481.99999999999994 CE-MEDIUM0 0
309 381 357 381 357 432 309 432 CE-MEDIUM0 0
333 370.99999999999994 388 370.99999999999994 388 424 333 424 CE-MEDIUM0 0
146 227 200 227 200 280 146 280 CE-MEDIUM0 0
238 220.00000000000003 305 220.00000000000003 305 278 238 278 CE-MEDIUM0 0
248 251 306 251 306 297 248 297 CE-MEDIUM0 0
249.00000000000003 270 311 270 311 324 249.00000000000003 324 CE-MEDIUM0 0
258 299 314 299 314 349 258 349 CE-MEDIUM0 0
266 318 321 318 321 372.00000000000006 266 372.00000000000006 CE-MEDIUM0 0
709 431 768 431 768 482.99999999999994 709 482.99999999999994 CE-MEDIUM270 0
497 188 550 188 550 243.00000000000003 497 243.00000000000003 CE-MEDIUM270 0
186 128 243 128 243 188 186 188 CE-MEDIUM270 0
231 106 282 106 282 155 231 155 CE-MEDIUM270 0
304 136 357 136 357 195 304 195 CE-MEDIUM270 0
323 124 381 124 381 184.99999999999997 323 184.99999999999997 CE-MEDIUM270 0
342 122 409 122 409 184.99999999999997 342 184.99999999999997 CE-MEDIUM270 0
621 0 640 0 640 8 621 8 FID-CROSS 0